var_1,var_2,label
0,0.5488135039273248,0.417022004702574,0.0
1,0.7151893663724195,0.7203244934421581,1.0
2,0.6027633760716439,0.00011437481734488664,0.0
3,0.5448831829968969,0.30233257263183977,0.0
4,0.4236547993389047,0.14675589081711304,0.0
5,0.6458941130666561,0.0923385947687978,0.0
6,0.4375872112626925,0.1862602113776709,0.0
7,0.8917730007820798,0.34556072704304774,1.0
8,0.9636627605010293,0.39676747423066994,1.0
9,0.3834415188257777,0.538816734003357,0.0
10,0.7917250380826646,0.4191945144032948,1.0
11,0.5288949197529045,0.6852195003967595,0.0
12,0.5680445610939323,0.20445224973151743,0.0
13,0.925596638292661,0.8781174363909454,1.0
14,0.07103605819788694,0.027387593197926163,1.0
15,0.08712929970154071,0.6704675101784022,1.0
16,0.02021839744032572,0.41730480236712697,1.0
17,0.832619845547938,0.5586898284457517,1.0
18,0.7781567509498505,0.14038693859523377,0.0
19,0.8700121482468192,0.1981014890848788,1.0
20,0.978618342232764,0.8007445686755367,1.0
21,0.7991585642167236,0.9682615757193975,1.0
22,0.46147936225293185,0.31342417815924284,0.0
23,0.7805291762864555,0.6923226156693141,1.0
24,0.11827442586893322,0.8763891522960383,1.0
25,0.6399210213275238,0.8946066635038473,1.0
26,0.1433532874090464,0.08504421136977791,1.0
27,0.9446689170495839,0.03905478323288236,1.0
28,0.5218483217500717,0.1698304195645689,0.0
29,0.4146619399905236,0.8781425034294131,1.0
30,0.26455561210462697,0.0983468338330501,0.0
31,0.7742336894342167,0.42110762500505217,1.0
32,0.45615033221654855,0.9578895301505019,1.0
33,0.5684339488686485,0.5331652849730171,0.0
34,0.018789800436355142,0.6918771139504734,1.0
35,0.6176354970758771,0.31551563100606295,0.0
36,0.6120957227224214,0.6865009276815837,1.0
37,0.6169339968747569,0.8346256718973729,1.0
38,0.9437480785146242,0.018288277344191806,1.0
39,0.6818202991034834,0.7501443149449675,1.0
40,0.359507900573786,0.9888610889064947,1.0
41,0.43703195379934145,0.7481656543798394,1.0
42,0.6976311959272649,0.2804439920644052,0.0
43,0.06022547162926983,0.7892793284514885,1.0
44,0.6667667154456677,0.10322600657764203,0.0
45,0.6706378696181594,0.44789352617590517,0.0
46,0.2103825610738409,0.9085955030930956,1.0
47,0.1289262976548533,0.2936141483736795,1.0
48,0.31542835092418386,0.28777533858634874,0.0
49,0.3637107709426226,0.13002857211827767,0.0
50,0.5701967704178796,0.019366957870297075,0.0
51,0.43860151346232035,0.678835532939891,0.0
52,0.9883738380592262,0.21162811600005904,1.0
53,0.10204481074802807,0.2655466593722262,1.0
54,0.2088767560948347,0.4915731592803383,1.0
55,0.16130951788499626,0.053362545117080384,0.0
56,0.6531083254653984,0.5741176054920131,0.0
57,0.2532916025397821,0.14672857490581015,0.0
58,0.4663107728563063,0.5893055369032842,0.0
59,0.24442559200160274,0.6997583600209312,1.0
60,0.15896958364551972,0.10233442882782584,0.0
61,0.11037514116430513,0.4140559878195683,1.0
62,0.6563295894652734,0.6944001577277451,1.0
63,0.1381829513486138,0.41417926952690265,1.0
64,0.1965823616800535,0.04995345894608716,0.0
65,0.3687251706609641,0.5358964059155116,0.0
66,0.8209932298479351,0.6637946452197888,1.0
67,0.09710127579306127,0.5148891120583086,1.0
68,0.8379449074988039,0.9445947559908133,1.0
69,0.09609840789396307,0.5865550405019929,1.0
70,0.9764594650133958,0.9034019152878835,1.0
71,0.4686512016477016,0.13747470414623753,0.0
72,0.9767610881903371,0.13927634725075855,1.0
73,0.604845519745046,0.8073912887095238,1.0
74,0.7392635793983017,0.3976768369855336,0.0
75,0.039187792254320675,0.16535419711693278,1.0
76,0.2828069625764096,0.9275085803960339,1.0
77,0.1201965612131689,0.34776585974550656,1.0
78,0.29614019752214493,0.7508121031361555,1.0
79,0.11872771895424405,0.7259979853504515,1.0
80,0.317983179393976,0.8833060912058098,1.0
81,0.41426299451466997,0.6236722070556089,0.0
82,0.06414749634878436,0.7509424340273372,1.0
83,0.6924721193700198,0.34889834197784253,0.0
84,0.5666014542065752,0.2699278917650261,0.0
85,0.2653894909394454,0.8958862181960668,1.0
86,0.5232480534666997,0.4280911898712949,0.0
87,0.09394051075844168,0.9648400471483856,1.0
88,0.5759464955561793,0.6634414978184481,0.0
89,0.9292961975762141,0.6216957202091218,1.0
90,0.31856895245132366,0.11474597295337519,0.0
91,0.6674103799636817,0.9494892587070712,1.0
92,0.13179786240439217,0.4499121334799405,1.0
93,0.7163272041185655,0.5783896143871318,1.0
94,0.2894060929472011,0.40813680276128117,0.0
95,0.18319136200711683,0.2370269802430277,1.0
96,0.5865129348100832,0.9033795205622538,1.0
97,0.020107546187493552,0.5736794866722859,1.0
98,0.8289400292173631,0.00287032703115897,0.0
99,0.004695476192547066,0.6171449136207239,1.0
100,0.6778165367962301,0.32664490177209615,0.0
101,0.27000797319216485,0.5270581022576093,0.0
102,0.7351940221225949,0.8859420993107745,1.0
103,0.9621885451174382,0.35726976000249977,1.0
104,0.24875314351995803,0.9085351509197992,1.0
105,0.5761573344178369,0.6233601157918027,0.0
106,0.592041931271839,0.015821242846556283,0.0
107,0.5722519057908734,0.9294372337437613,1.0
108,0.2230816326406183,0.690896917516924,1.0
109,0.952749011516985,0.9973228504514805,1.0
110,0.44712537861762736,0.17234050834532855,0.0
111,0.8464086724711278,0.13713574962887776,0.0
112,0.6994792753175043,0.9325954630371636,1.0
113,0.29743695085513366,0.6968181614899002,1.0
114,0.8137978197024772,0.06600017272206249,0.0
115,0.39650574084698464,0.7554630526024664,1.0
116,0.8811031971111616,0.7538761884612464,1.0
117,0.5812728726358587,0.9230245355464833,1.0
118,0.8817353618548528,0.7115247586284718,1.0
119,0.6925315900777659,0.1242709619721647,0.0
120,0.7252542798196405,0.01988013383979559,0.0
121,0.5013243819267023,0.026210986877719278,0.0
122,0.9560836347232239,0.028306488020794607,1.0
123,0.6439901992296374,0.2462110676030459,0.0
124,0.4238550485581797,0.860027948682888,1.0
125,0.6063932141279244,0.5388310643416528,0.0
126,0.019193198309333526,0.5528219786857659,1.0
127,0.30157481667454933,0.8420308923596057,1.0
128,0.660173537492685,0.12417331511991114,0.0
129,0.29007760721044407,0.2791836790111395,0.0
130,0.6180154289988415,0.5857592714582879,0.0
131,0.42876870094576613,0.9695957483196745,1.0
132,0.13547406422245023,0.56103021925571,1.0
133,0.29828232595603077,0.01864728937294302,0.0
134,0.5699649107012649,0.8006326726806163,1.0
135,0.5908727612481732,0.23297427384102043,0.0
136,0.5743252488495788,0.8071051956187791,1.0
137,0.6532008198571336,0.38786064406417176,0.0
138,0.6521032700016889,0.8635418545594287,1.0
139,0.43141843543397396,0.7471216427371846,1.0
140,0.896546595851063,0.5562402339904189,1.0
141,0.36756187004789653,0.13645522566068502,0.0
142,0.4358649252656268,0.05991768951221166,0.0
143,0.8919233550156721,0.12134345574073735,1.0
144,0.8061939890460857,0.044551878544761725,0.0
145,0.7038885835403663,0.1074941291060929,0.0
146,0.10022688731230112,0.2257093386078547,1.0
147,0.9194826137446735,0.7129889803826767,1.0
148,0.7142412995491114,0.5597169820541424,1.0
149,0.9988470065678665,0.012555980159115854,1.0
150,0.14944830465799375,0.07197427968948678,0.0
151,0.8681260573682142,0.967276330000272,1.0
152,0.16249293467637482,0.5681004619199421,1.0
153,0.6155595642838442,0.20329323466099047,0.0
154,0.12381998284944151,0.2523257445703234,1.0
155,0.8480082293222344,0.7438258540750929,1.0
156,0.8073189587250107,0.1954294811093188,0.0
157,0.5691007386145933,0.5813589272732578,0.0
158,0.40718329722599966,0.9700199890883123,1.0
159,0.06916699545513805,0.8468288014900353,1.0
160,0.6974287731445636,0.23984775914758616,0.0
161,0.45354268267806885,0.49376971426872995,0.0
162,0.7220555994703479,0.6199557183813798,1.0
163,0.8663823259286292,0.8289808995501787,1.0
164,0.9755215050028858,0.15679139464608427,1.0
165,0.855803342392611,0.018576202177409518,0.0
166,0.011714084185001972,0.07002214371922233,1.0
167,0.3599780644783639,0.4863451109370318,0.0
168,0.729990562424058,0.6063294616533303,1.0
169,0.17162967726144052,0.5688514370864813,1.0
170,0.5210366062041293,0.31736240932216075,0.0
171,0.05433798833925363,0.9886161544124489,1.0
172,0.19999652489640007,0.5797452192457969,1.0
173,0.01852179446061397,0.3801411726235504,1.0
174,0.7936977033574206,0.5509482191178968,1.0
175,0.22392468806038013,0.7453344309065021,1.0
176,0.3453516806969027,0.6692328934531846,1.0
177,0.9280812934655909,0.2649195576628094,1.0
178,0.7044144019235328,0.06633483442844157,0.0
179,0.03183892953130785,0.3700841979141063,1.0
180,0.16469415649791275,0.6297175070215645,1.0
181,0.6214784014997635,0.2101740099148396,0.0
182,0.5772285886041676,0.7527555537388139,1.0
183,0.23789282137450862,0.06653648135411494,0.0
184,0.9342139979247938,0.26031509857854096,1.0
185,0.613965955965896,0.8047545637433454,1.0
186,0.5356328030249583,0.19343428262332774,0.0
187,0.589909976354571,0.6394608808799401,0.0
188,0.7301220295167696,0.5246703091237337,1.0
189,0.31194499547960186,0.9248079703993507,1.0
190,0.3982210622160919,0.263296770487111,0.0
191,0.20984374897512215,0.06596109068402378,0.0
192,0.18619300588033616,0.7350659632886695,1.0
193,0.9443723899839336,0.7721780295432468,1.0
194,0.7395507950492876,0.907815852503524,1.0
195,0.4904588086175671,0.9319720691968373,1.0
196,0.22741462797332324,0.013951572975597015,0.0
197,0.25435648177039294,0.2343620861214205,0.0
198,0.05802916032387562,0.6167783570016576,1.0
199,0.4344166255581208,0.9490163206876164,1.0
